{
    "cpu": 0.007668999999999995,
    "sat": 2.002716064453125e-05,
    "solve": 0.0003859996795654297,
    "total": 0.007695198059082031,
    "unsat": 0.0
}